R4 <- 7691
R5 <- 5318
R5 <- (R5 + R2)
R5 <- -R5
R6 <- (R4 + R5)
